

h2:0
      l:       0   1   2   3   4   5   6   7   8   9  10  11  12  13  14  15
 c2:   0  #    0   0   0   0   0   0   0   0   0   0   0   0   0   0   0   0 #
 c2:   1  #    0   0   0   0   0   0   0   0   0   0   0   0   0   0   0   0 #
 c2:   2  #    0   0   0   0   0   0   0   0   0   0   0   0   0   0   0   0 #
 c2:   3  #    0   0   0   0   0   0   0   0   0   0   0   0   0   0   0   0 #
 c2:   4  #    0   0   0   0   0   0   0   0   0   0   0   0   0   0   0   0 #
 c2:   5  #    0   0   0   0   0   0   0   0   0   0   0   0   0   0   0   0 #
 c2:   6  #    0   0   0   0   0   0   0   0   0   0   0   0   0   0   0   0 #
 c2:   7  #    0   0   0   0   0   0   0   0   0   0   0   0   0   0   0   0 #
 c2:   8  #    0   0   0   0   0   0   0   0   0   0   0   0   0   0   0   0 #
 c2:   9  #    0   0   0   0   0   0   0   0   0   0   0   0   0   0   0   0 #
 c2:  10  #    0   0   0   0   0   0   0   0   0   0   0   0   0   0   0   0 #
 c2:  11  #    0   0   0   0   0   0   0   0   0   0   0   0   0   0   0   0 #
 c2:  12  #    0   0   0   0   0   0   0   0   0   0   0   0   0   0   0   0 #
 c2:  13  #    0   0   0   0   0   0   0   0   0   0   0   0   0   0   0   0 #
 c2:  14  #    0   0   0   0   0   0   0   0   0   0   0   0   0   0   0   0 #
 c2:  15  #    0   0   0   0   0   0   0   0   0   0   0   0   0   0   0   0 #

h2:1
      l:       0   1   2   3   4   5   6   7   8   9  10  11  12  13  14  15
 c2:   0  #    0   0   0   0   0   0   0   0   0   0   0   0   0   0   0   0 #
 c2:   1  #    0   0   0   0   0   0   0   0   0   0   0   0   0   0   0   0 #
 c2:   2  #    0   0   0   0   0   0   0   0   0   0   0   0   0   0   0   0 #
 c2:   3  #    0   0   0   0   0   0   0   0   0   0   0   0   0   0   0   0 #
 c2:   4  #    0   0   0   0   0   0   0   0   0   0   0   0   0   0   0   0 #
 c2:   5  #    0   0   0   0   0   0   0   0   0   0   0   0   0   0   0   0 #
 c2:   6  #    0   0   0   0   0   0   0   0   0   0   0   0   0   0   0   0 #
 c2:   7  #    0   0   0   0   0   0   0   0   0   0   0   0   0   0   0   0 #
 c2:   8  #    0   0   0   0   0   0   0   0   0   1   2   1   0   0   0   0 #
 c2:   9  #    0   0   0   0   0   0   0   0   4  13  14   5   0   0   0   0 #
 c2:  10  #    0   0   0   0   0   0   0   0  11  29  25   7   0   0   0   0 #
 c2:  11  #    0   0   0   0   0   0   1   5  20  32  19   3   0   0   0   0 #
 c2:  12  #    0   0   0   0   0   0   2  10  23  24   9   0   0   0   0   0 #
 c2:  13  #    0   0   0   0   0   0   1   5  10   9   3   0   0   0   0   0 #
 c2:  14  #    0   0   0   0   0   0   0   0   0   0   0   0   0   0   0   0 #
 c2:  15  #    0   0   0   0   0   0   0   0   0   0   0   0   0   0   0   0 #

h2:2
      l:       0   1   2   3   4   5   6   7   8   9  10  11  12  13  14  15
 c2:   0  #    0   0   0   0   0   0   0   0   0   0   0   0   0   0   0   0 #
 c2:   1  #    0   0   0   0   0   0   0   0   0   0   0   0   0   0   0   0 #
 c2:   2  #    0   0   1   2   1   0   0   0   0   0   0   2   6   6   2   0 #
 c2:   3  #    0   0   2   4   2   0   0   0   0   1   4  24  51  41  11   0 #
 c2:   4  #    0   0   1   4   5   2   0   1   6  15  40 144 220 122  16   0 #
 c2:   5  #    0   0   0   8  18  15   8   6  21  89 224 407 418 171   7   0 #
 c2:   6  #    0   0   0  10  48  76  51  19  36 195 484 610 401 110   0   0 #
 c2:   7  #    0   0   0   4  75 163 124  48  66 274 585 565 230  26   0   0 #
 c2:   8  #    0   0   0   0  58 153 141  86 138 372 574 393  93   0   0   0 #
 c2:   9  #    0   0   0   0  17  58  78 103 254 502 514 221  21   0   0   0 #
 c2:  10  #    0   0   0   0   0   5  24  90 302 486 336  81   0   0   0   0 #
 c2:  11  #    0   0   0   0   0   0  10  66 203 261 127  13   0   0   0   0 #
 c2:  12  #    0   0   0   0   0   0   6  38  84  78  26   0   0   0   0   0 #
 c2:  13  #    0   0   0   0   0   0   2  11  22  19   6   0   0   0   0   0 #
 c2:  14  #    0   0   0   0   0   0   0   0   0   0   0   0   0   0   0   0 #
 c2:  15  #    0   0   0   0   0   0   0   0   0   0   0   0   0   0   0   0 #

h2:3
      l:       0   1   2   3   4   5   6   7   8   9  10  11  12  13  14  15
 c2:   0  #    0   0   0   0   0   0   0   0   0   0   0   0   0   0   0   0 #
 c2:   1  #    0   0   2   4   2   0   0   0   0   0   0   0   0   0   0   0 #
 c2:   2  #    0   0   9  19  11   1   0   1   2   2   4  12  20  15   4   0 #
 c2:   3  #    0   0  12  27  21   9   3   7  15  16  25  73 124  90  22   0 #
 c2:   4  #    0   0   5  17  31  34  18  16  37  59 115 323 462 251  32   0 #
 c2:   5  #    0   0   0  17  54  71  54  41  71 215 495 846 846 344  14   0 #
 c2:   6  #    0   0   0  20 104 175 137  81 111 42710061239 804 220   0   0 #
 c2:   7  #    0   0   0   8 151 330 261 122 160 56911841135 460  52   0   0 #
 c2:   8  #    0   0   0   0 116 306 283 176 282 7451143 783 186   0   0   0 #
 c2:   9  #    0   0   0   0  34 116 156 206 496 965 986 427  42   0   0   0 #
 c2:  10  #    0   0   0   0   0  10  48 180 571 885 597 141   0   0   0   0 #
 c2:  11  #    0   0   0   0   0   0  17 117 346 426 197  17   0   0   0   0 #
 c2:  12  #    0   0   0   0   0   0   6  46  99  84  25   0   0   0   0   0 #
 c2:  13  #    0   0   0   0   0   0   1   7  14  11   3   0   0   0   0   0 #
 c2:  14  #    0   0   0   0   0   0   0   0   0   0   0   0   0   0   0   0 #
 c2:  15  #    0   0   0   0   0   0   0   0   0   0   0   0   0   0   0   0 #

h2:4
      l:       0   1   2   3   4   5   6   7   8   9  10  11  12  13  14  15
 c2:   0  #    0   0   0   0   0   0   0   0   0   0   0   0   0   0   0   0 #
 c2:   1  #    0   0   6  12   6   0   0   0   0   0   0   1   2   1   0   0 #
 c2:   2  #    0   0  19  41  26   8   7   6   7   8  11  22  28  15   2   0 #
 c2:   3  #    0   0  20  48  44  32  24  24  36  40  55  92 106  60  11   0 #
 c2:   4  #    0   0   7  23  50  74  60  52  71  91 142 245 276 137  16   0 #
 c2:   5  #    0   0   0  10  54 103 106  97 105 183 343 490 443 175   7   0 #
 c2:   6  #    0   0   0  10  64 124 130 122 130 279 567 651 405 110   0   0 #
 c2:   7  #    0   0   0   4  77 171 150 101 124 317 613 575 230  26   0   0 #
 c2:   8  #    0   0   0   0  58 153 143  94 150 378 572 391  93   0   0   0 #
 c2:   9  #    0   0   0   0  17  58  78 103 246 476 486 211  21   0   0   0 #
 c2:  10  #    0   0   0   0   0   5  24  90 280 428 286  67   0   0   0   0 #
 c2:  11  #    0   0   0   0   0   0   8  56 163 197  89   7   0   0   0   0 #
 c2:  12  #    0   0   0   0   0   0   2  18  38  30   8   0   0   0   0   0 #
 c2:  13  #    0   0   0   0   0   0   0   1   2   1   0   0   0   0   0   0 #
 c2:  14  #    0   0   0   0   0   0   0   0   0   0   0   0   0   0   0   0 #
 c2:  15  #    0   0   0   0   0   0   0   0   0   0   0   0   0   0   0   0 #

h2:5
      l:       0   1   2   3   4   5   6   7   8   9  10  11  12  13  14  15
 c2:   0  #    0   0   0   0   0   0   0   0   0   0   0   0   0   0   0   0 #
 c2:   1  #    0   0   9  18   9   0   0   0   0   0   0   2   4   2   0   0 #
 c2:   2  #    0   0  22  50  36  18  18  11   9  12  11  16  20   9   0   0 #
 c2:   3  #    0   0  17  47  52  51  49  31  29  41  56  64  45  14   0   0 #
 c2:   4  #    0   0   4  16  40  73  84  76  70  81 116 107  48   9   0   0 #
 c2:   5  #    0   0   0   1  24  69 107 131 117 106 121  81  21   2   0   0 #
 c2:   6  #    0   0   0   0  10  33  69 107 101  77  64  29   2   0   0   0 #
 c2:   7  #    0   0   0   0   1   4  16  36  40  27  15   5   0   0   0   0 #
 c2:   8  #    0   0   0   0   0   0   1   4   6   4   1   0   0   0   0   0 #
 c2:   9  #    0   0   0   0   0   0   0   0   0   0   0   0   0   0   0   0 #
 c2:  10  #    0   0   0   0   0   0   0   0   0   0   0   0   0   0   0   0 #
 c2:  11  #    0   0   0   0   0   0   0   0   0   0   0   0   0   0   0   0 #
 c2:  12  #    0   0   0   0   0   0   0   0   0   0   0   0   0   0   0   0 #
 c2:  13  #    0   0   0   0   0   0   0   0   0   0   0   0   0   0   0   0 #
 c2:  14  #    0   0   0   0   0   0   0   0   0   0   0   0   0   0   0   0 #
 c2:  15  #    0   0   0   0   0   0   0   0   0   0   0   0   0   0   0   0 #

h2:6
      l:       0   1   2   3   4   5   6   7   8   9  10  11  12  13  14  15
 c2:   0  #    0   0   0   0   0   0   0   0   0   0   0   0   0   0   0   0 #
 c2:   1  #    0   2  13  20   9   0   0   0   0   0   0   1   2   1   0   0 #
 c2:   2  #    0   5  30  54  40  21  18   9   5   9   7   5   6   3   0   0 #
 c2:   3  #    0   4  21  55  72  61  46  22  13  30  39  29  13   3   0   0 #
 c2:   4  #    0   1   4  29  72  90  82  69  60  74  90  60  16   1   0   0 #
 c2:   5  #    0   0   0   9  44  90 123 147 147 130 103  48   7   0   0   0 #
 c2:   6  #    0   0   0   1  14  52 102 143 156 121  58  13   0   0   0   0 #
 c2:   7  #    0   0   0   0   1  15  44  72  81  53  14   0   0   0   0   0 #
 c2:   8  #    0   0   0   0   0   3  15  29  26  10   1   0   0   0   0   0 #
 c2:   9  #    0   0   0   0   0   0   5  11   7   1   0   0   0   0   0   0 #
 c2:  10  #    0   0   0   0   0   0   1   2   1   0   0   0   0   0   0   0 #
 c2:  11  #    0   0   0   0   0   0   0   0   0   0   0   0   0   0   0   0 #
 c2:  12  #    0   0   0   0   0   0   0   0   0   0   0   0   0   0   0   0 #
 c2:  13  #    0   0   0   0   0   0   0   0   0   0   0   0   0   0   0   0 #
 c2:  14  #    0   0   0   0   0   0   0   0   0   0   0   0   0   0   0   0 #
 c2:  15  #    0   0   0   0   0   0   0   0   0   0   0   0   0   0   0   0 #

h2:7
      l:       0   1   2   3   4   5   6   7   8   9  10  11  12  13  14  15
 c2:   0  #    0   0   0   0   0   0   0   0   0   0   0   0   0   0   0   0 #
 c2:   1  #    0  10  25  20   5   0   0   0   0   0   0   0   0   0   0   0 #
 c2:   2  #    0  27  66  58  28  15  10   4   1   4   5   2   0   0   0   0 #
 c2:   3  #    0  24  66  89  84  55  31  16   9  23  29  13   1   0   0   0 #
 c2:   4  #    0   7  35  95 138 115  76  55  49  66  66  28   2   0   0   0 #
 c2:   5  #    0   0  11  60 130 163 151 137 145 140  88  26   1   0   0   0 #
 c2:   6  #    0   0   1  21  86 169 200 199 216 177  73  10   0   0   0   0 #
 c2:   7  #    0   0   0   5  53 153 211 208 190 119  32   1   0   0   0   0 #
 c2:   8  #    0   0   0   0  26 120 224 235 155  57   7   0   0   0   0   0 #
 c2:   9  #    0   0   0   0   6  99 406 595 343  66   5   0   0   0   0   0 #
 c2:  10  #    0   0   0   0   0  83 544 921 547  92   5   0   0   0   0   0 #
 c2:  11  #    0   0   0   0   0  32 283 528 337  62   2   0   0   0   0   0 #
 c2:  12  #    0   0   0   0   0   0  28  70  56  14   0   0   0   0   0   0 #
 c2:  13  #    0   0   0   0   0   0   0   0   0   0   0   0   0   0   0   0 #
 c2:  14  #    0   0   0   0   0   0   0   0   0   0   0   0   0   0   0   0 #
 c2:  15  #    0   0   0   0   0   0   0   0   0   0   0   0   0   0   0   0 #

h2:8
      l:       0   1   2   3   4   5   6   7   8   9  10  11  12  13  14  15
 c2:   0  #    0   0   0   0   0   0   0   0   0   0   0   0   0   0   0   0 #
 c2:   1  #    0 204 127  18   1   0   0   0   0   0   0   0   0   0   0   0 #
 c2:   2  #    0 456 400 122   9   5   3   1   0   1   2   1   0   0   0   0 #
 c2:   3  #    0 403 627 403 110  26  18  12   5   9  12   5   0   0   0   0 #
 c2:   4  #    0 194 662 791 373  78  50  36  23  28  26   9   0   0   0   0 #
 c2:   5  #    0  55 458 951 781 291 100  76  71  66  38   9   0   0   0   0 #
 c2:   6  #    0   0 158 7221108 732 267 145 132 101  41   6   0   0   0   0 #
 c2:   7  #    0   0  14 34610731265 676 256 179  99  26   2   0   0   0   0 #
 c2:   8  #    0   0   0  83 69114561282 609 250  86  11   0   0   0   0   0 #
 c2:   9  #    0   0   0   0 221100418211624 706 130  10   0   0   0   0   0 #
 c2:  10  #    0   0   0   0   5 403158921531136 184  10   0   0   0   0   0 #
 c2:  11  #    0   0   0   0   0  88 6331118 693 124   4   0   0   0   0   0 #
 c2:  12  #    0   0   0   0   0   0  57 142 113  28   0   0   0   0   0   0 #
 c2:  13  #    0   0   0   0   0   0   0   0   0   0   0   0   0   0   0   0 #
 c2:  14  #    0   0   0   0   0   0   0   0   0   0   0   0   0   0   0   0 #
 c2:  15  #    0   0   0   0   0   0   0   0   0   0   0   0   0   0   0   0 #

h2:9
      l:       0   1   2   3   4   5   6   7   8   9  10  11  12  13  14  15
 c2:   0  #    0   0   0   0   0   0   0   0   0   0   0   0   0   0   0   0 #
 c2:   1  #    0 386 208  10   0   0   0   0   0   0   0   0   0   0   0   0 #
 c2:   2  #    0 851 671 165   1   0   0   0   0   0   0   0   0   0   0   0 #
 c2:   3  #    0 7501107 655 129   5   5   4   1   0   0   0   0   0   0   0 #
 c2:   4  #    0 37112301384 543  28  14  11   4   2   1   0   0   0   0   0 #
 c2:   5  #    0 110 88317581318 349  26  17  11   7   4   1   0   0   0   0 #
 c2:   6  #    0   0 313138520041127 226  47  26  15   7   2   0   0   0   0 #
 c2:   7  #    0   0  28 67719912131 880 132  64  29   7   1   0   0   0   0 #
 c2:   8  #    0   0   0 166130425641952 629 139  41   5   0   0   0   0   0 #
 c2:   9  #    0   0   0   0 424171124441507 411  66   5   0   0   0   0   0 #
 c2:  10  #    0   0   0   0  10 55715501551 635  92   5   0   0   0   0   0 #
 c2:  11  #    0   0   0   0   0  80 417 652 375  62   2   0   0   0   0   0 #
 c2:  12  #    0   0   0   0   0   0  30  74  58  14   0   0   0   0   0   0 #
 c2:  13  #    0   0   0   0   0   0   0   0   0   0   0   0   0   0   0   0 #
 c2:  14  #    0   0   0   0   0   0   0   0   0   0   0   0   0   0   0   0 #
 c2:  15  #    0   0   0   0   0   0   0   0   0   0   0   0   0   0   0   0 #

h2:10
      l:       0   1   2   3   4   5   6   7   8   9  10  11  12  13  14  15
 c2:   0  #    0   0   0   0   0   0   0   0   0   0   0   0   0   0   0   0 #
 c2:   1  #    0 190  98   2   0   0   0   0   0   0   0   0   0   0   0   0 #
 c2:   2  #    0 417 318  73   0   0   0   0   0   0   0   0   0   0   0   0 #
 c2:   3  #    0 367 532 308  58   1   0   0   0   0   0   0   0   0   0   0 #
 c2:   4  #    0 183 600 665 252   6   0   0   0   0   0   0   0   0   0   0 #
 c2:   5  #    0  55 436 858 629 153   1   0   0   0   0   0   0   0   0   0 #
 c2:   6  #    0   0 156 683 970 520  82   5   0   0   0   0   0   0   0   0 #
 c2:   7  #    0   0  14 336 9701004 374  21   4   1   0   0   0   0   0   0 #
 c2:   8  #    0   0   0  83 6391225 879 226  18   2   0   0   0   0   0   0 #
 c2:   9  #    0   0   0   0 209 8061024 467  41   1   0   0   0   0   0   0 #
 c2:  10  #    0   0   0   0   5 237 504 317  45   0   0   0   0   0   0   0 #
 c2:  11  #    0   0   0   0   0  24  67  62  19   0   0   0   0   0   0   0 #
 c2:  12  #    0   0   0   0   0   0   1   2   1   0   0   0   0   0   0   0 #
 c2:  13  #    0   0   0   0   0   0   0   0   0   0   0   0   0   0   0   0 #
 c2:  14  #    0   0   0   0   0   0   0   0   0   0   0   0   0   0   0   0 #
 c2:  15  #    0   0   0   0   0   0   0   0   0   0   0   0   0   0   0   0 #

h2:11
      l:       0   1   2   3   4   5   6   7   8   9  10  11  12  13  14  15
 c2:   0  #    0   0   0   0   0   0   0   0   0   0   0   0   0   0   0   0 #
 c2:   1  #    0   0   0   0   0   0   0   0   0   0   0   0   0   0   0   0 #
 c2:   2  #    0   0   0   0   0   0   0   0   0   0   0   0   0   0   0   0 #
 c2:   3  #    0   0   0   0   0   0   0   0   0   0   0   0   0   0   0   0 #
 c2:   4  #    0   0   0   0   0   0   0   0   0   0   0   0   0   0   0   0 #
 c2:   5  #    0   0   0   0   0   0   0   0   0   0   0   0   0   0   0   0 #
 c2:   6  #    0   0   0   0   0   0   0   0   0   0   0   0   0   0   0   0 #
 c2:   7  #    0   0   0   0   0   0   0   0   0   0   0   0   0   0   0   0 #
 c2:   8  #    0   0   0   0   0   0   0   0   0   0   0   0   0   0   0   0 #
 c2:   9  #    0   0   0   0   0   0   0   0   0   0   0   0   0   0   0   0 #
 c2:  10  #    0   0   0   0   0   0   0   0   0   0   0   0   0   0   0   0 #
 c2:  11  #    0   0   0   0   0   0   0   0   0   0   0   0   0   0   0   0 #
 c2:  12  #    0   0   0   0   0   0   0   0   0   0   0   0   0   0   0   0 #
 c2:  13  #    0   0   0   0   0   0   0   0   0   0   0   0   0   0   0   0 #
 c2:  14  #    0   0   0   0   0   0   0   0   0   0   0   0   0   0   0   0 #
 c2:  15  #    0   0   0   0   0   0   0   0   0   0   0   0   0   0   0   0 #

h2:12
      l:       0   1   2   3   4   5   6   7   8   9  10  11  12  13  14  15
 c2:   0  #    0   0   0   0   0   0   0   0   0   0   0   0   0   0   0   0 #
 c2:   1  #    0   0   0   0   0   0   0   0   0   0   0   0   0   0   0   0 #
 c2:   2  #    0   0   0   0   0   0   0   0   0   0   0   0   0   0   0   0 #
 c2:   3  #    0   0   0   0   0   0   0   0   0   0   0   0   0   0   0   0 #
 c2:   4  #    0   0   0   0   0   0   0   0   0   0   0   0   0   0   0   0 #
 c2:   5  #    0   0   0   0   0   0   0   0   0   0   0   0   0   0   0   0 #
 c2:   6  #    0   0   0   0   0   0   0   0   0   0   0   0   0   0   0   0 #
 c2:   7  #    0   0   0   0   0   0   0   0   0   0   0   0   0   0   0   0 #
 c2:   8  #    0   0   0   0   0   0   0   0   0   0   0   0   0   0   0   0 #
 c2:   9  #    0   0   0   0   0   0   0   0   0   0   0   0   0   0   0   0 #
 c2:  10  #    0   0   0   0   0   0   0   0   0   0   0   0   0   0   0   0 #
 c2:  11  #    0   0   0   0   0   0   0   0   0   0   0   0   0   0   0   0 #
 c2:  12  #    0   0   0   0   0   0   0   0   0   0   0   0   0   0   0   0 #
 c2:  13  #    0   0   0   0   0   0   0   0   0   0   0   0   0   0   0   0 #
 c2:  14  #    0   0   0   0   0   0   0   0   0   0   0   0   0   0   0   0 #
 c2:  15  #    0   0   0   0   0   0   0   0   0   0   0   0   0   0   0   0 #

h2:13
      l:       0   1   2   3   4   5   6   7   8   9  10  11  12  13  14  15
 c2:   0  #    0   0   0   0   0   0   0   0   0   0   0   0   0   0   0   0 #
 c2:   1  #    0   0   0   0   0   0   0   0   0   0   0   0   0   0   0   0 #
 c2:   2  #    0   0   0   0   0   0   0   0   0   0   0   0   0   0   0   0 #
 c2:   3  #    0   0   0   0   0   0   0   0   0   0   0   0   0   0   0   0 #
 c2:   4  #    0   0   0   0   0   0   0   0   0   0   0   0   0   0   0   0 #
 c2:   5  #    0   0   0   0   0   0   0   0   0   0   0   0   0   0   0   0 #
 c2:   6  #    0   0   0   0   0   0   0   0   0   0   0   0   0   0   0   0 #
 c2:   7  #    0   0   0   0   0   0   0   0   0   0   0   0   0   0   0   0 #
 c2:   8  #    0   0   0   0   0   0   0   0   0   0   0   0   0   0   0   0 #
 c2:   9  #    0   0   0   0   0   0   0   0   0   0   0   0   0   0   0   0 #
 c2:  10  #    0   0   0   0   0   0   0   0   0   0   0   0   0   0   0   0 #
 c2:  11  #    0   0   0   0   0   0   0   0   0   0   0   0   0   0   0   0 #
 c2:  12  #    0   0   0   0   0   0   0   0   0   0   0   0   0   0   0   0 #
 c2:  13  #    0   0   0   0   0   0   0   0   0   0   0   0   0   0   0   0 #
 c2:  14  #    0   0   0   0   0   0   0   0   0   0   0   0   0   0   0   0 #
 c2:  15  #    0   0   0   0   0   0   0   0   0   0   0   0   0   0   0   0 #

h2:14
      l:       0   1   2   3   4   5   6   7   8   9  10  11  12  13  14  15
 c2:   0  #    0   0   0   0   0   0   0   0   0   0   0   0   0   0   0   0 #
 c2:   1  #    0   0   0   0   0   0   0   0   0   0   0   0   0   0   0   0 #
 c2:   2  #    0   0   0   0   0   0   0   0   0   0   0   0   0   0   0   0 #
 c2:   3  #    0   0   0   0   0   0   0   0   0   0   0   0   0   0   0   0 #
 c2:   4  #    0   0   0   0   0   0   0   0   0   0   0   0   0   0   0   0 #
 c2:   5  #    0   0   0   0   0   0   0   0   0   0   0   0   0   0   0   0 #
 c2:   6  #    0   0   0   0   0   0   0   0   0   0   0   0   0   0   0   0 #
 c2:   7  #    0   0   0   0   0   0   0   0   0   0   0   0   0   0   0   0 #
 c2:   8  #    0   0   0   0   0   0   0   0   0   0   0   0   0   0   0   0 #
 c2:   9  #    0   0   0   0   0   0   0   0   0   0   0   0   0   0   0   0 #
 c2:  10  #    0   0   0   0   0   0   0   0   0   0   0   0   0   0   0   0 #
 c2:  11  #    0   0   0   0   0   0   0   0   0   0   0   0   0   0   0   0 #
 c2:  12  #    0   0   0   0   0   0   0   0   0   0   0   0   0   0   0   0 #
 c2:  13  #    0   0   0   0   0   0   0   0   0   0   0   0   0   0   0   0 #
 c2:  14  #    0   0   0   0   0   0   0   0   0   0   0   0   0   0   0   0 #
 c2:  15  #    0   0   0   0   0   0   0   0   0   0   0   0   0   0   0   0 #

h2:15
      l:       0   1   2   3   4   5   6   7   8   9  10  11  12  13  14  15
 c2:   0  #    0   0   0   0   0   0   0   0   0   0   0   0   0   0   0   0 #
 c2:   1  #    0   0   0   0   0   0   0   0   0   0   0   0   0   0   0   0 #
 c2:   2  #    0   0   0   0   0   0   0   0   0   0   0   0   0   0   0   0 #
 c2:   3  #    0   0   0   0   0   0   0   0   0   0   0   0   0   0   0   0 #
 c2:   4  #    0   0   0   0   0   0   0   0   0   0   0   0   0   0   0   0 #
 c2:   5  #    0   0   0   0   0   0   0   0   0   0   0   0   0   0   0   0 #
 c2:   6  #    0   0   0   0   0   0   0   0   0   0   0   0   0   0   0   0 #
 c2:   7  #    0   0   0   0   0   0   0   0   0   0   0   0   0   0   0   0 #
 c2:   8  #    0   0   0   0   0   0   0   0   0   0   0   0   0   0   0   0 #
 c2:   9  #    0   0   0   0   0   0   0   0   0   0   0   0   0   0   0   0 #
 c2:  10  #    0   0   0   0   0   0   0   0   0   0   0   0   0   0   0   0 #
 c2:  11  #    0   0   0   0   0   0   0   0   0   0   0   0   0   0   0   0 #
 c2:  12  #    0   0   0   0   0   0   0   0   0   0   0   0   0   0   0   0 #
 c2:  13  #    0   0   0   0   0   0   0   0   0   0   0   0   0   0   0   0 #
 c2:  14  #    0   0   0   0   0   0   0   0   0   0   0   0   0   0   0   0 #
 c2:  15  #    0   0   0   0   0   0   0   0   0   0   0   0   0   0   0   0 #
